,duration,sr,spec_centroid_mean,spec_rolloff_mean,zcr_mean,rms_mean,tempo,mfcc1_mean,mfcc1_std,mfcc2_mean,mfcc2_std,mfcc3_mean,mfcc3_std,mfcc4_mean,mfcc4_std,mfcc5_mean,mfcc5_std,mfcc6_mean,mfcc6_std,mfcc7_mean,mfcc7_std,mfcc8_mean,mfcc8_std,mfcc9_mean,mfcc9_std,mfcc10_mean,mfcc10_std,mfcc11_mean,mfcc11_std,mfcc12_mean,mfcc12_std,mfcc13_mean,mfcc13_std,mfcc14_mean,mfcc14_std,mfcc15_mean,mfcc15_std,mfcc16_mean,mfcc16_std,mfcc17_mean,mfcc17_std,mfcc18_mean,mfcc18_std,mfcc19_mean,mfcc19_std,mfcc20_mean,mfcc20_std,chroma1_mean,chroma1_std,chroma2_mean,chroma2_std,chroma3_mean,chroma3_std,chroma4_mean,chroma4_std,chroma5_mean,chroma5_std,chroma6_mean,chroma6_std,chroma7_mean,chroma7_std,chroma8_mean,chroma8_std,chroma9_mean,chroma9_std,chroma10_mean,chroma10_std,chroma11_mean,chroma11_std,chroma12_mean,chroma12_std
duration,1.0,,-0.00689996440427139,-0.00308924976341677,-0.010744911660370636,0.019369294183373152,-0.017075703493640904,0.030795637512685763,-0.040677113826039744,0.006791660595559405,-0.02258919511870881,0.011016584647922986,-0.024121865824120223,0.02997705779011628,-0.02233760114984245,-0.00066876780749816,-0.03341338827580938,0.023881122528904085,-0.023204262133402122,0.019747210044286246,-0.02948902861519448,0.008550740870653172,-0.017954024055396915,0.01480128319853832,-0.02618448574388427,-0.0022822749115075404,-0.012938124940897867,-0.004895286217041328,-0.022222142347754468,0.011997034916288283,-0.019877982971801652,0.002053416965155955,-0.0065086668723687135,0.005637692879847205,-0.0029930763947684444,0.0022478469616149517,-0.0034866822434907454,0.0015640503546309754,0.0035055283543468656,0.0020024387759967526,-0.0061455674545100305,-0.0012594841623505488,-0.0016045806933070352,-0.0057489707602898866,0.0019130906219612125,0.012403858728899268,0.0032741229697192133,0.005591132525934789,0.006711174537168362,0.002491072141083028,-0.007778342216490971,0.010033455872160679,0.006495710398880768,0.004452022499799817,-2.282824263371962e-05,0.007702415517741856,0.008268845322795234,0.003115769874527863,-0.0022679833433253173,0.00041527514399744694,-0.008716193712662051,-0.0051742580725600285,-0.011593742872757993,-0.007382276255175358,-0.01709507129550784,-0.01085653196578067,-0.007167580694762679,-0.005873480352557142,-0.009667741410041444,0.007734127450568277,0.004783959604933399
sr,,,,,,,,,,,,,,,,,,,,,,,,,,,,,,,,,,,,,,,,,,,,,,,,,,,,,,,,,,,,,,,,,,,,,,,
spec_centroid_mean,-0.00689996440427139,,1.0,0.9681742261906586,0.8223293546297086,0.2361295318307008,0.02733465552031098,0.5824881721445888,-0.0680117304096316,-0.9090110689866511,-0.01739316098864205,-0.006280218398175114,-0.09094907865572527,0.051464042838687246,-0.020524198492815154,-0.09753569172987271,-0.02753065176919767,0.18783640084475667,-0.02851437414501826,0.03415289169636426,-0.01714818998554595,0.27112822354781496,-0.026773033586146012,0.11365494324150398,-0.038691314976278306,0.303662083674623,-0.06324997965968349,0.1441697733104256,-0.08204727506546299,0.3019964783505151,-0.10737427851918699,0.1047048298809183,-0.11122563338359347,0.25495356042418926,-0.10806626809025266,0.07001434915716068,-0.12390940685437159,0.245342824772421,-0.1475546794093393,-0.017421790052722822,-0.15378625800657866,0.18091373151419937,-0.15484514165846483,0.011542463276658319,-0.16217489557380924,0.17064803545122822,-0.17351477211069144,0.26393121140648357,0.02361759407096568,0.30187749158465954,0.09745992381143587,0.2458615449896294,-0.00802859203885734,0.3021312428460722,0.0991421640532408,0.27480196456561556,0.04030041518602714,0.27116008879044873,0.06588970899208407,0.2956255094027932,0.09695801941896529,0.25984524568507905,0.00990360452819297,0.304106088099819,0.11658438915978608,0.2543955338334762,0.011862574887170806,0.2979992975163433,0.07706493899947063,0.29764706934017077,0.06021299924391642
spec_rolloff_mean,-0.00308924976341677,,0.9681742261906586,1.0,0.6813868975352758,0.2889933176452685,0.017365606036770478,0.6128598089079415,-0.054944088926531444,-0.9020788163971536,-0.010586177025384084,0.12194748855243578,-0.09821704014447945,0.09461254853804667,-0.03055505132467492,-0.02208976467445197,-0.04047535043764391,0.28001485498533285,-0.04462077809489738,0.10665810553658289,-0.03662242659490473,0.3401837383686565,-0.04145077911290396,0.17457799420803286,-0.056392076908699074,0.3660008966436082,-0.08305772637556585,0.19725248759178698,-0.10117010542072284,0.35642554025122575,-0.12842231415286265,0.1486206813706977,-0.1299964475932192,0.3014885961674216,-0.12636596044249312,0.10771966235349564,-0.14279835097181706,0.280923989402558,-0.16808811854639738,0.0010675605552275173,-0.17616904685983992,0.21760388846053075,-0.17671368169374194,0.028166357800441327,-0.18581255289602722,0.19274005686175352,-0.19991456119096646,0.29042097813372103,0.038693870584057745,0.32068728959817544,0.0946300000212506,0.26407563873615475,-0.0040883344802981345,0.3228992419071047,0.10530264753199879,0.29635875546865825,0.04581227035429524,0.30214754849488257,0.08446647014825492,0.3206203359273869,0.0969217351938807,0.291141443003693,0.02270349046647647,0.3349932203644769,0.12700240157215148,0.2849439509369366,0.023520980644768597,0.3270605726257342,0.0800193902409502,0.3164246215267379,0.05450766958527529
zcr_mean,-0.010744911660370636,,0.8223293546297086,0.6813868975352758,1.0,0.03462170081512578,0.04246440140928487,0.3910126857631601,-0.14162614363731074,-0.660014253968646,-0.09783883153173503,-0.30849255384192886,-0.10750147797282451,-0.05777189278401496,-0.04682170633961649,-0.27968898463880476,-0.04337575789816111,-0.07384427000020563,-0.040361706679054185,-0.16825869034800217,-0.020901114010524243,0.029438423397883117,-0.033143471779679065,-0.06529495470403425,-0.030710173924971797,0.07003408193079223,-0.03725604064086314,-0.0335128642967953,-0.04784088842909099,0.09132580936071652,-0.056295269321649265,-0.041609428149406415,-0.06560799870293657,0.06502252709156106,-0.061078073993654544,-0.06018026903072555,-0.07518318464936165,0.08148094491660934,-0.0906927933701069,-0.07833029897359936,-0.09109469452533243,0.020956332174470498,-0.08672387600108925,-0.052455479937562145,-0.08392361823697135,0.05340422253175645,-0.07908161201339252,0.1283844923815775,-0.03476987824648418,0.17495110960244376,0.06597743201430799,0.14143022767648403,-0.019255557706292514,0.16680811092127487,0.03483384094199189,0.15611351234088214,0.01650815685074398,0.1201307427647772,-0.01781047868136958,0.1607712432339328,0.06430259540249443,0.12230840479116718,-0.023331605997421952,0.1392011775377707,0.03586119870968553,0.11058240460690907,-0.027612299038917095,0.13796562851611893,0.028170930575839925,0.1760895837669437,0.05157465341787437
rms_mean,0.019369294183373152,,0.2361295318307008,0.2889933176452685,0.03462170081512578,1.0,-0.006587908681221886,0.7207891678352772,-0.1552549490545117,-0.23220589803594793,-0.03188253277020907,0.10706161414525701,-0.10658343927925151,0.19789351323257273,-0.07340084094023057,0.13581052527590634,-0.10959897669354221,0.2933696414718539,-0.12445505392461867,0.23502586121139704,-0.13111055637623215,0.3352108444952336,-0.14304928150614463,0.25402872561178863,-0.16595142338105962,0.30753893478919075,-0.17752281643734896,0.23100063049051153,-0.1949755882589368,0.30288978481332784,-0.2094146525100203,0.1772342045867768,-0.21288091019102215,0.24148514465187404,-0.21569942803104425,0.12773732120498926,-0.21665981559412514,0.21501849607292647,-0.2330166313101322,0.04816727318275159,-0.23857831312832958,0.16423412196044462,-0.24563245392653157,0.07539677060181191,-0.24579632052964062,0.13492365852650873,-0.26090887650069333,0.23450724673256204,-0.042167965200247695,0.2525901973232346,-0.014109079968743655,0.2122824947615594,-0.0768706507505804,0.26122954381451746,0.0017288803424369452,0.25315966803500745,-0.0257422292920774,0.262487707008534,0.00804854915616262,0.2599218386214678,-0.014864353788342164,0.239801164471454,-0.059672368663065314,0.28703841187308254,0.023624636935262008,0.2517219173664298,-0.03715917076762873,0.2701832688693346,-0.02928642606894242,0.2558432407146025,-0.044455377644199656
tempo,-0.017075703493640904,,0.02733465552031098,0.017365606036770478,0.04246440140928487,-0.006587908681221886,1.0,0.03643082175623372,-0.017818835370737595,-0.019797563669263125,-0.027788177893330816,-0.06962037984959538,-0.02302965930906218,0.0006281023494516042,-0.0314966471996311,-0.03797856908475555,-0.025576485280581544,-0.018016692954159613,-0.03777042177092724,-0.026440334755848695,-0.03385640880879425,-0.005175558099955435,-0.033232047946333935,-0.014244137705051922,-0.031974772292989444,-0.004092776365067982,-0.027898065746133002,-0.021861908659589552,-0.022760212784716773,-0.009740047962502836,-0.024390661357819494,-0.0227137414844975,-0.025784131143827875,-0.021788342182539135,-0.023473781755203857,-0.021539686691520156,-0.024080037481015303,-0.011044119527722919,-0.023626117734437194,-0.02859864567386391,-0.016436502192284565,-0.02554155032794677,-0.013597130971692394,-0.027213539516984925,-0.012146997284670889,-0.016144388666011315,-0.006079622273880567,-0.01010824617316271,-0.009233386905885418,0.00035961732180531163,0.0035213174378188796,0.009615444321319831,0.007204604621165998,-0.0003180587820839983,-0.006591680130655002,0.008452696664613074,0.014279806103440006,-0.0028971455048389283,-0.014831754531451115,0.017887855019805353,0.022470971856900286,0.0009802495116341058,-0.000107567242259029,-0.004625524324465092,-0.004859821479513256,0.003091959427413336,0.008959769693248203,-0.0004944045257497061,-0.0002964320778367231,0.010771355565869962,0.022342346733404867
mfcc1_mean,0.030795637512685763,,0.5824881721445888,0.6128598089079415,0.3910126857631601,0.7207891678352772,0.03643082175623372,1.0,-0.35286008036173155,-0.4805507155287817,-0.2266127957179562,-0.13843454000598623,-0.30560118162270317,0.2487217226935714,-0.24235269927159425,-0.06585861568310154,-0.27285994704024424,0.2628367478190753,-0.2877488548553764,0.11073764357125854,-0.29136808253939606,0.3476445830985859,-0.3101856399110891,0.17446257228060075,-0.3314954209633295,0.33776421644622007,-0.34101296480176796,0.1547798033266331,-0.36476645570512267,0.33241273171455804,-0.38065840856908356,0.08396355559562722,-0.38768249374816743,0.21696404491218502,-0.38574528970492505,-0.008341233967488301,-0.3894090055732196,0.1884027956316416,-0.39911242675739933,-0.10917816360092145,-0.40071566078622534,0.11381829690305834,-0.40088857529559346,-0.05133444495110271,-0.3976377696604588,0.08742166516800352,-0.4057891189596248,0.26248041396137156,-0.06982075054561793,0.31387468606198254,0.012737749418739572,0.2835353402684649,-0.06243176257155893,0.32530446787937045,0.007674088587435736,0.34126016378621443,0.018501411733143177,0.3088714371150584,-0.00897921326446558,0.3339176819131306,0.041418330005666235,0.2941031446673178,-0.04068607248340358,0.3298562978817298,0.030002843781823836,0.29823190469573124,-0.0317485444518072,0.29914928723061324,-0.032123460882416584,0.32175385420984054,-0.005439323110752736
mfcc1_std,-0.040677113826039744,,-0.0680117304096316,-0.054944088926531444,-0.14162614363731074,-0.1552549490545117,-0.017818835370737595,-0.35286008036173155,1.0,-0.05506532999639461,0.6962216239618377,0.2788862481112115,0.6307748816665952,-0.035977443819411946,0.5509452218873281,0.16563474216533974,0.5459240976105852,0.09128433379479245,0.5238707388349533,0.11520577300894384,0.5068251338723453,0.015996605696626698,0.5065331893258352,0.06370494474656443,0.48872479443923106,0.022224386327306882,0.44682296917701564,0.0880055555460093,0.42890069514513046,0.004144056549649086,0.404569791814696,0.10610452995439947,0.39128802218341263,0.036503910996804806,0.3813258313300827,0.12821494427502428,0.36526240713876673,0.039737701351665225,0.34773072241009184,0.10949223629000748,0.3430376999473728,0.06495056501366328,0.3178988352932539,0.09181243135548328,0.29402804889997847,0.039692772878824126,0.27060532046874636,0.01998678933435815,0.20498819359777,-0.009642339649319548,0.16261157088718842,-0.025828575797680466,0.15783389692816946,-0.012258420913987664,0.19331028177888293,-0.05888289657675426,0.11926823322675913,-0.004477011833917999,0.19790466764713488,-0.023303267740464245,0.1327377555811866,-0.0022624685323863977,0.1647767785440206,0.00879039592582465,0.1980118405005241,-0.0071672620316807,0.16609232327109189,0.02941826310440386,0.1970534864886002,-0.015926540305743697,0.14320970596814153
mfcc2_mean,0.006791660595559405,,-0.9090110689866511,-0.9020788163971536,-0.660014253968646,-0.23220589803594793,-0.019797563669263125,-0.4805507155287817,-0.05506532999639461,1.0,-0.04575463814708286,-0.11033279896233597,0.029814594506527518,-0.16723989965952252,-0.040551355985164364,0.010616342091196732,-0.044120294047611704,-0.28241036494688027,-0.043784994082248306,-0.11167379309596745,-0.06510803900787762,-0.3223098402761749,-0.04930339730470706,-0.16301507618628328,-0.04568452241252706,-0.34718568590563115,-0.02413491892468504,-0.1784836667181236,-0.006109652460079781,-0.32686173552855824,0.018280487374088866,-0.13324517387980117,0.01637163947634716,-0.27704133799757374,0.013341622612511614,-0.09922374336003961,0.023544510780762647,-0.2653702592641032,0.045059265257544695,-0.009163740117207225,0.050254181742641985,-0.21516820853965551,0.05598324647748249,-0.03630044533329411,0.06366512376919319,-0.19547205738330595,0.07847524885300101,-0.2439827910541523,-0.0635624637606426,-0.27329690554861535,-0.11155775749970422,-0.22069047498991107,-0.022295024569659212,-0.2778640937197453,-0.12616876312596845,-0.2484809294247148,-0.06253625029267307,-0.2621986572322305,-0.10845296690157975,-0.2785486336929651,-0.11401734664831893,-0.2475377620425879,-0.0457562016431613,-0.2936734147252269,-0.14948088988275618,-0.24043088918549196,-0.04911708273642525,-0.28356334839004815,-0.10575168688981308,-0.2692078974757216,-0.07707114717634103
mfcc2_std,-0.02258919511870881,,-0.01739316098864205,-0.010586177025384084,-0.09783883153173503,-0.03188253277020907,-0.027788177893330816,-0.2266127957179562,0.6962216239618377,-0.04575463814708286,1.0,0.3141229873875991,0.6673290866671316,-0.04305631296217181,0.6365570783860238,0.1924445078467708,0.5841601183457206,0.1335843501359446,0.5656744418498431,0.12564944829652136,0.5283436064665987,0.08096649476468651,0.5266490951861328,0.0779630614307218,0.4855717937570256,0.07764232342277946,0.44906238524746594,0.10656010258217757,0.41960696529499897,0.06048107378567125,0.37952493452860564,0.13194307415371576,0.3451531217005175,0.08614006532851902,0.3309476896451596,0.15345452411429675,0.31254175075983553,0.08912027090248907,0.29389572809275777,0.10961646881015798,0.2864341701836629,0.09909827690903875,0.2487295639950587,0.10213542216432955,0.21535031909440203,0.06073331898127958,0.19411638557205857,0.06082665277671078,0.19415852992459853,0.031269210550041865,0.16076981421860193,-0.004009700120294494,0.12671532941370814,0.020688544753441614,0.18790300753443775,-0.01520288305859697,0.11332686887901607,0.035933543698207095,0.1917455184694566,0.012822261175069507,0.13134603823504198,0.023536031296669875,0.13733916155557,0.05153278291459424,0.2001968917591874,0.03399752024245762,0.1516876276821601,0.07418855800069662,0.188727446341615,0.028910516074508435,0.13695142236780497
mfcc3_mean,0.011016584647922986,,-0.006280218398175114,0.12194748855243578,-0.30849255384192886,0.10706161414525701,-0.06962037984959538,-0.13843454000598623,0.2788862481112115,-0.11033279896233597,0.3141229873875991,1.0,0.1994542246038229,0.13351024154720714,0.17991915059042984,0.4347115656555609,0.14338977686302493,0.4365228136503648,0.13987918176341474,0.36181962036681836,0.1239099142275384,0.2705551294655814,0.147969165856084,0.22355938577107123,0.13704286562647947,0.25717729171390435,0.11961194688966645,0.21169858011341397,0.11724404149882797,0.18874990721448195,0.09478107654335195,0.16285056024897807,0.09670254710651598,0.16106487076959466,0.09730059633210662,0.16073118122142993,0.08519092327977608,0.11443521176591248,0.07505975326236215,0.05060131301045353,0.06490225250500246,0.1556572747433606,0.05354220946101701,0.07814472857409192,0.034443167409962325,0.06436564087136326,0.012961291768400812,0.10453620361089151,0.07951508898227998,0.0775401145311699,0.01493225064834708,0.059705449578177985,0.029568630877883913,0.08067172096429603,0.057558365301445966,0.0472811953170653,0.009802803025501136,0.1045829781153752,0.09795040410652615,0.08123214268816573,0.015918440483434732,0.10429498564597876,0.057507473991023246,0.11443912309145438,0.06758155349637882,0.09279258735143979,0.042804415593096716,0.11480036314724111,0.04529602886991043,0.051878470825407356,-0.018658284733246648
mfcc3_std,-0.024121865824120223,,-0.09094907865572527,-0.09821704014447945,-0.10750147797282451,-0.10658343927925151,-0.02302965930906218,-0.30560118162270317,0.6307748816665952,0.029814594506527518,0.6673290866671316,0.1994542246038229,1.0,-0.08203171536383479,0.7128609079969207,0.19732247438502273,0.6724279520696885,0.007822625977200081,0.6523511202030569,0.0979500648394096,0.6011894786289159,0.008188656153765501,0.5906040491602199,0.04381770043852992,0.5467304400309745,0.014913654931833449,0.4948078350638787,0.0826646042183935,0.4615624619530914,0.0050087454473329495,0.42491583233306623,0.11043390102667917,0.3827397465361876,0.04062911614162418,0.362845782285028,0.13969640479688977,0.34788558906994094,0.04811102828909382,0.3432642753821749,0.11481087333082625,0.3275956980419438,0.05693530677154061,0.28948549058809386,0.10951141543278788,0.2620856738916464,0.03487848289744691,0.23923200306959239,0.018660577221314034,0.19133962230885654,-0.0007517044812102288,0.18014295302530006,-0.034508461094901986,0.13940932603783238,-0.011385428357231065,0.1935740331747046,-0.04973454292123326,0.11508490962770028,0.0012411777400124604,0.19311553236401474,-0.018793251709808022,0.1466572532820102,-0.015208215774848387,0.13915896285574017,0.017014929671548874,0.20503431807378816,0.005781924224485319,0.15528818201955316,0.042522478228860114,0.20370632335956818,-0.0027244491063431156,0.14731471509304817
mfcc4_mean,0.02997705779011628,,0.051464042838687246,0.09461254853804667,-0.05777189278401496,0.19789351323257273,0.0006281023494516042,0.2487217226935714,-0.035977443819411946,-0.16723989965952252,-0.04305631296217181,0.13351024154720714,-0.08203171536383479,1.0,-0.05763784320762852,0.23789921645284975,-0.07541494662588893,0.4261980698450848,-0.12004540639765335,0.3472058726755846,-0.13545178682374967,0.3239675989411625,-0.15821987691807177,0.2548079543808909,-0.15638246779294174,0.2549556707214784,-0.17035099359933162,0.16369417420930463,-0.18623295912889237,0.21746140771570618,-0.2002760239995449,0.06868943279499823,-0.20810279673093895,0.03797272160463717,-0.21026651323678197,-0.03665992136700997,-0.2052467842835716,0.011746086391625775,-0.19625171088160798,-0.14646727031829698,-0.19669383271254218,-0.023412963092252093,-0.21009401156522792,-0.03615197967284076,-0.2197695023640213,-0.08526097908128143,-0.2244343718388517,0.12881227793799777,-0.039544260306110926,0.18144394100465636,-0.001137900425456607,0.18305227024472606,-0.010769484640327193,0.19740938132172683,-0.005601158307334173,0.21248620789993877,0.03192049560833124,0.18786272024030978,0.0029899844186585416,0.1817940535180838,0.008155512010669172,0.15928868935807752,-0.009381691099645897,0.1853286311684083,-0.001353217503578689,0.1792095003453501,0.005419648826597732,0.15711648944003664,-0.03455095219875013,0.15114922186232782,-0.0239172510124924
mfcc4_std,-0.02233760114984245,,-0.020524198492815154,-0.03055505132467492,-0.04682170633961649,-0.07340084094023057,-0.0314966471996311,-0.24235269927159425,0.5509452218873281,-0.040551355985164364,0.6365570783860238,0.17991915059042984,0.7128609079969207,-0.05763784320762852,1.0,0.10908260349481187,0.7598764833163829,0.014625290319856243,0.7255770602219981,0.10204278268850664,0.694362248137886,-0.009748907485149779,0.6600917678471331,0.03224614010599783,0.6171926596702959,0.02485040414246249,0.5724746454249124,0.07692437507653661,0.5227495099941626,0.01479094329331009,0.4766852262060983,0.09454920501539252,0.42951825040264047,0.053817827309909194,0.40834540670134184,0.14250006333463663,0.39139353043448916,0.06595545384261543,0.3818724972223224,0.10604550049503349,0.3669146677654175,0.07628534279408093,0.33217384268858735,0.1187671503471211,0.29569814330130156,0.059722071980635644,0.26426072836953657,0.01898552316799212,0.20391450037721015,-0.007818060562430996,0.18645497264230376,-0.03911695935774586,0.147530454343975,-0.0188477927276731,0.20253849997418805,-0.059372598511391504,0.12484684677373284,-0.002690132713106176,0.20509270352106024,-0.02239674400927781,0.1545072448000897,-0.016283675844578467,0.15232360655942892,0.015195076919179795,0.2207031615410704,0.00288105268028424,0.17124472690372303,0.03657108848317477,0.21512209021569176,-0.010813825853874935,0.15345519602065738
mfcc5_mean,-0.00066876780749816,,-0.09753569172987271,-0.02208976467445197,-0.27968898463880476,0.13581052527590634,-0.03797856908475555,-0.06585861568310154,0.16563474216533974,0.010616342091196732,0.1924445078467708,0.4347115656555609,0.19732247438502273,0.23789921645284975,0.10908260349481187,1.0,0.08490051715641855,0.372406734705223,0.08106567934881727,0.46035786504417564,0.0373939049970422,0.38039204252347414,0.040939018558363904,0.32240019164308287,0.03612574081449151,0.2814275580518853,0.006459034988105529,0.27782503142133486,0.0015440043260514743,0.21907152973181102,-0.023371102038172168,0.24007451751878475,-0.03454881290408206,0.17138727274311744,-0.046191131334237544,0.15592085702238573,-0.05378450773971292,0.14498223926552983,-0.0584986261463172,0.08048230528748682,-0.06189123899982953,0.10617825792263764,-0.07235826006180572,0.11311238050267683,-0.08152984493794097,0.05744084396620526,-0.09337394334639057,0.167716967347797,0.05401286320697027,0.17077095054501132,0.028690216157598605,0.14004547111046345,0.0021032616820197943,0.17010374128470504,0.055275029228244385,0.1337177611417356,-0.0028979678988186137,0.16755436528523093,0.07399287632325954,0.14561389443838813,0.005502156928429322,0.14364682870824008,0.004031308614692645,0.17642315434196262,0.053104538170716316,0.15520064828050903,0.024215161963629425,0.18274454924789682,0.03857969280685874,0.1443997036042233,-0.009482754599584385
mfcc5_std,-0.03341338827580938,,-0.02753065176919767,-0.04047535043764391,-0.04337575789816111,-0.10959897669354221,-0.025576485280581544,-0.27285994704024424,0.5459240976105852,-0.044120294047611704,0.5841601183457206,0.14338977686302493,0.6724279520696885,-0.07541494662588893,0.7598764833163829,0.08490051715641855,1.0,-0.01704318747052275,0.7803670179064833,0.03254915473450405,0.7721836915598842,-0.03312744349583413,0.7199608047281327,-0.022206924931098222,0.6964190600175402,9.910253251630238e-05,0.634300938333538,0.07067370496292275,0.6062056161487159,-0.02152055032939997,0.5459382810056161,0.09975795643931741,0.5031234385412695,0.04583920630359629,0.475273711270759,0.1402755703824843,0.45480340175047196,0.06745342532974917,0.43381352426439435,0.0941745521338171,0.42285958989062805,0.06516095954857698,0.3811524332308187,0.1099387512127489,0.34397229046136957,0.04190217226127655,0.3130564757607996,-0.019231127909036663,0.21835792216510744,-0.05084508987478818,0.19870021252520353,-0.07620018426460769,0.1635065444062585,-0.055238188090068634,0.22243144357800454,-0.09990676806338884,0.13472976800414796,-0.040547574872256485,0.21048929890968474,-0.05687340887030112,0.1673314424717644,-0.04800496564373296,0.16985621230300635,-0.019307792776639854,0.23846138143260778,-0.03284343096890758,0.18555999131994264,0.0016612700348728317,0.23456891323525364,-0.047639507498437095,0.17220696682398845
mfcc6_mean,0.023881122528904085,,0.18783640084475667,0.28001485498533285,-0.07384427000020563,0.2933696414718539,-0.018016692954159613,0.2628367478190753,0.09128433379479245,-0.28241036494688027,0.1335843501359446,0.4365228136503648,0.007822625977200081,0.4261980698450848,0.014625290319856243,0.372406734705223,-0.01704318747052275,1.0,-0.07605690901859696,0.5471888518804908,-0.05721997230968033,0.5750734490182539,-0.06249454825041742,0.5005916674699337,-0.08983328583788043,0.5104926736149075,-0.11677100862113624,0.41344702335548306,-0.11509195202421862,0.427913899838443,-0.13662523196711512,0.3059122233810992,-0.15344426501270406,0.3154081202344259,-0.15922320412242533,0.20522447641531447,-0.1788234492947282,0.24580539220791353,-0.19803190617433172,0.06652569106904184,-0.20313269532880784,0.20010435322043268,-0.20793930939070535,0.08633020085934391,-0.21177163333955612,0.11161592929193927,-0.2258131664257721,0.2969198249888704,0.015370517836268152,0.31338182033034884,0.006131073424723028,0.2749223857536679,-0.0454182463155609,0.31435640777949114,0.040221332173587886,0.2852573157161579,-0.014631278230007556,0.3322055348794978,0.06957312926521649,0.31594358898089464,-0.00175430567238294,0.3115753899768458,-0.008560999428898956,0.3520804203151572,0.06093718833495799,0.300080330952161,-0.018487519681808003,0.32702318658825114,0.007279403018066941,0.2897502860961021,-0.0390405383855281
mfcc6_std,-0.023204262133402122,,-0.02851437414501826,-0.04462077809489738,-0.040361706679054185,-0.12445505392461867,-0.03777042177092724,-0.2877488548553764,0.5238707388349533,-0.043784994082248306,0.5656744418498431,0.13987918176341474,0.6523511202030569,-0.12004540639765335,0.7255770602219981,0.08106567934881727,0.7803670179064833,-0.07605690901859696,1.0,0.01729140116892762,0.8039846206795257,-0.0656526465772138,0.774573927929969,-0.0569235112874668,0.741496547878645,-0.014401228994023782,0.6891813342769402,0.0296911112279666,0.6407603737646976,-0.04696622011461468,0.5972224317632818,0.0640079748347757,0.5582492552881644,0.029646409974096472,0.5344583803818598,0.1250307535044504,0.5112913427178144,0.04885509115460495,0.4945606598641106,0.10684827411663379,0.47771463053667634,0.07270305952508724,0.44631332467791873,0.10561556877405745,0.40867272707964175,0.05416376984460866,0.37946768631095273,-0.05067848165638229,0.2201726879956399,-0.0864176190209144,0.1916502411105185,-0.10840669888781321,0.16992904410495754,-0.09639301466189519,0.2081401672049252,-0.12646278979853318,0.14542739598041507,-0.07483120650504461,0.20667784496439082,-0.08491625341256473,0.1741346269032923,-0.07343476906128335,0.1754772456548794,-0.06229051933533113,0.22803532667564294,-0.06916612112729208,0.19166812345028003,-0.04808577313451288,0.22484012686924082,-0.08495826971452881,0.17673437464104008
mfcc7_mean,0.019747210044286246,,0.03415289169636426,0.10665810553658289,-0.16825869034800217,0.23502586121139704,-0.026440334755848695,0.11073764357125854,0.11520577300894384,-0.11167379309596745,0.12564944829652136,0.36181962036681836,0.0979500648394096,0.3472058726755846,0.10204278268850664,0.46035786504417564,0.03254915473450405,0.5471888518804908,0.01729140116892762,1.0,-0.001650498202974913,0.5307529524383088,-0.004259168258340993,0.5356993420034445,-0.02540753424850208,0.4914916138536449,-0.0504924554533831,0.4004571984247586,-0.05759442470632552,0.41047040507377086,-0.07780799638179581,0.3202332854555927,-0.07980919693848625,0.2930452121387188,-0.10407750284648569,0.24385717334758764,-0.11584972165473505,0.20958678650277643,-0.12458438268243968,0.12275094427431636,-0.12647587470577623,0.2006008425340319,-0.1282995696902889,0.12945796605212936,-0.1271556165756401,0.11603587477970907,-0.14093986818376797,0.2556967468317532,0.030029882980987903,0.2668917293182367,0.010262498015300365,0.24004060849711037,-0.02077316500691906,0.2805742829099876,0.053226730141952866,0.248104083166734,-0.011033770310202374,0.2730545749988605,0.05898730429495246,0.25011507908113634,-0.014586562544871708,0.2522047557748651,-0.01155471230368815,0.2955149788728379,0.06303327009711626,0.25667075232735714,-0.007412014618561974,0.27592013808496796,0.010786173714895729,0.24105346688633444,-0.033593343632957864
mfcc7_std,-0.02948902861519448,,-0.01714818998554595,-0.03662242659490473,-0.020901114010524243,-0.13111055637623215,-0.03385640880879425,-0.29136808253939606,0.5068251338723453,-0.06510803900787762,0.5283436064665987,0.1239099142275384,0.6011894786289159,-0.13545178682374967,0.694362248137886,0.0373939049970422,0.7721836915598842,-0.05721997230968033,0.8039846206795257,-0.001650498202974913,1.0,-0.07605057335763311,0.8160403748325298,-0.06471727524248323,0.7751592958072379,-0.019798074035352043,0.7227964340561341,0.02232263971495062,0.6854600094510825,-0.04090103121637301,0.6407055013326214,0.0823428875257107,0.6062022497107985,0.031213357229480963,0.582644929376893,0.129414953412768,0.5572971341890592,0.04697721427840559,0.5248039052563002,0.10330845058843816,0.5078996799161419,0.06778897308142619,0.4815573471428882,0.09892704598096505,0.4510150352889236,0.05524951598251331,0.41811648447900734,-0.05953073111481377,0.22725549098458775,-0.10006611681720286,0.19962434244471297,-0.12172542129858578,0.18133015068671604,-0.11479627620705454,0.21015085674350054,-0.14795052245591828,0.14502729494883884,-0.09826251929419098,0.20650374368393629,-0.11418928474578247,0.16365473878436707,-0.1005132683354958,0.17552394740756574,-0.08380555897987595,0.2289555325195769,-0.08335273118955264,0.19484159698922301,-0.055549271933969226,0.23341835219482693,-0.09223056676389602,0.1884133934124719
mfcc8_mean,0.008550740870653172,,0.27112822354781496,0.3401837383686565,0.029438423397883117,0.3352108444952336,-0.005175558099955435,0.3476445830985859,0.015996605696626698,-0.3223098402761749,0.08096649476468651,0.2705551294655814,0.008188656153765501,0.3239675989411625,-0.009748907485149779,0.38039204252347414,-0.03312744349583413,0.5750734490182539,-0.0656526465772138,0.5307529524383088,-0.07605057335763311,1.0,-0.09627185726660527,0.5527448142719888,-0.10220781001691676,0.5901574392851082,-0.15414236070684142,0.5135701223314764,-0.1646435836926803,0.5182128459639095,-0.18797683446722432,0.3977785353597498,-0.20873120774426274,0.41819258338404264,-0.22446378780281745,0.28998875988630535,-0.2503237585489702,0.3478203266111528,-0.2819308354996671,0.14874808026543815,-0.2846496550925623,0.2592115041839971,-0.28577027739236754,0.16828328259646194,-0.27412921005018487,0.1921071915201096,-0.28850271199151717,0.3417338433656652,0.0006603404265128848,0.3820886761837646,0.04079251504971867,0.32131147491425244,-0.06617976179925751,0.38820350898717926,0.06638020836592111,0.34788028660434744,-0.019467156016731827,0.37545164537262715,0.062009944192355684,0.37161015389926605,0.025846118662964816,0.3436037399607275,-0.04037749190811723,0.41499192422993386,0.09658331083633183,0.3569564681220665,-0.027170252580983673,0.39797787756656616,0.03403684927918871,0.36307787654824164,-0.016697813649079515
mfcc8_std,-0.017954024055396915,,-0.026773033586146012,-0.04145077911290396,-0.033143471779679065,-0.14304928150614463,-0.033232047946333935,-0.3101856399110891,0.5065331893258352,-0.04930339730470706,0.5266490951861328,0.147969165856084,0.5906040491602199,-0.15821987691807177,0.6600917678471331,0.040939018558363904,0.7199608047281327,-0.06249454825041742,0.774573927929969,-0.004259168258340993,0.8160403748325298,-0.09627185726660527,1.0,-0.05298301761461454,0.8169224460342226,-0.037260209198298665,0.7647808395635703,0.003901309022209805,0.7289709952284259,-0.04638899898556299,0.6973190327228123,0.06532788436351951,0.6611090319641564,0.03989252767830563,0.6391465431378793,0.1408752138588587,0.6017630275863662,0.059494650707988546,0.5626476190513392,0.11719332264340106,0.5407630702177089,0.06655704221791088,0.522494647654219,0.10509330621865598,0.49528470689128373,0.060622791207652946,0.4665148063137894,-0.07648245314613204,0.22274334575005625,-0.12573223703724207,0.17545111350611745,-0.14434601631692193,0.1694562634206602,-0.14629824000622837,0.18103475499639576,-0.17057493399103135,0.13254479792775115,-0.12382265892818826,0.19152117343798214,-0.14397067725634827,0.13772292428768484,-0.11898676786289958,0.1729007953444873,-0.11189370393379007,0.20124017923037568,-0.10264588374654206,0.1878634008669805,-0.07888743965749186,0.2133402378357779,-0.11412936716920248,0.1724836298175037
mfcc9_mean,0.01480128319853832,,0.11365494324150398,0.17457799420803286,-0.06529495470403425,0.25402872561178863,-0.014244137705051922,0.17446257228060075,0.06370494474656443,-0.16301507618628328,0.0779630614307218,0.22355938577107123,0.04381770043852992,0.2548079543808909,0.03224614010599783,0.32240019164308287,-0.022206924931098222,0.5005916674699337,-0.0569235112874668,0.5356993420034445,-0.06471727524248323,0.5527448142719888,-0.05298301761461454,1.0,-0.10276192659157757,0.5306812768747143,-0.11959665620600532,0.5005450628503374,-0.1255859400767662,0.5014377879427027,-0.13405397536296199,0.3662141905209789,-0.14458650277020763,0.3888134283746447,-0.1611020993149067,0.33270900527379826,-0.18091321035120786,0.31822746462624835,-0.21335686871906231,0.26528383836416497,-0.2199871215445491,0.2700443621750821,-0.21008617373271254,0.21047622419768797,-0.1847556230048037,0.22399073330442001,-0.19762037467053176,0.2957262519940098,0.0005169983436028965,0.3107791671121779,0.002559517062528703,0.26459189368019076,-0.07047002974706687,0.3117836742551044,0.038237257504464967,0.273699899154036,-0.03911970630772743,0.3065800316869205,0.038916808214079085,0.2969836056714801,-0.01074537009432958,0.2938221741673173,-0.035396618457421855,0.3612187068559175,0.07484231405014756,0.3224286722403305,-0.01810946972825133,0.352770111792065,0.02451310841415501,0.3080464421872305,-0.03860779470014455
mfcc9_std,-0.02618448574388427,,-0.038691314976278306,-0.056392076908699074,-0.030710173924971797,-0.16595142338105962,-0.031974772292989444,-0.3314954209633295,0.48872479443923106,-0.04568452241252706,0.4855717937570256,0.13704286562647947,0.5467304400309745,-0.15638246779294174,0.6171926596702959,0.03612574081449151,0.6964190600175402,-0.08983328583788043,0.741496547878645,-0.02540753424850208,0.7751592958072379,-0.10220781001691676,0.8169224460342226,-0.10276192659157757,1.0,-0.03768290426544384,0.8161728755629438,-0.009649503529132152,0.7727148168414388,-0.07864485070859102,0.7401173153433703,0.057028501924950306,0.7078426656745228,0.013994784875312208,0.6741726511925958,0.11291960095665032,0.6380324159297115,0.0431812105290441,0.5988771218875496,0.10002162840096132,0.5836975063008689,0.06571413156955448,0.5619401994625222,0.0937323632077428,0.5459165013886097,0.03368799771764386,0.5172850631618827,-0.12514695720034363,0.22284437317636582,-0.17345757189770467,0.1769434031267374,-0.1816136054958486,0.1814100928006045,-0.1830641874800144,0.18819968041177546,-0.20404218024599444,0.14460913581188214,-0.1597705860601175,0.19287656330490316,-0.17395252045471343,0.15185058493820733,-0.1451091886723173,0.1955118215982722,-0.1416290830655725,0.20616707764149908,-0.1343541563869811,0.1986775632328745,-0.12164738765766456,0.21309413638628655,-0.16107621513069648,0.1782246928127707
mfcc10_mean,-0.0022822749115075404,,0.303662083674623,0.3660008966436082,0.07003408193079223,0.30753893478919075,-0.004092776365067982,0.33776421644622007,0.022224386327306882,-0.34718568590563115,0.07764232342277946,0.25717729171390435,0.014913654931833449,0.2549556707214784,0.02485040414246249,0.2814275580518853,9.910253251630238e-05,0.5104926736149075,-0.014401228994023782,0.4914916138536449,-0.019798074035352043,0.5901574392851082,-0.037260209198298665,0.5306812768747143,-0.03768290426544384,1.0,-0.07948218797185909,0.5808986898149018,-0.0882407579725539,0.5749589989214211,-0.11293066755596834,0.45060830467481905,-0.12726056344915385,0.44428140391533155,-0.14230114862738183,0.33159068257497487,-0.15944890285454394,0.3789807490648508,-0.19004717744813301,0.16658917716679875,-0.20229898875963356,0.34577257697324376,-0.21028076595760767,0.19282345987806176,-0.19623939846610292,0.2184509666490217,-0.2009968737483126,0.28123369836942347,-0.0028636179213876443,0.3076885714960734,0.026476958490121688,0.2622717614981133,-0.06304110677445586,0.34581191547222234,0.08080927613433023,0.33760934776720375,0.00580065454735808,0.3865492531108361,0.10255285457317385,0.3936466862253549,0.06320249934645475,0.3699015631382737,0.0052010626115110235,0.4185370756169518,0.11939064241367234,0.3425577435717032,-0.016355565722816,0.3621489931209373,0.03369939368346612,0.30717904599762713,-0.034055599814222376
mfcc10_std,-0.012938124940897867,,-0.06324997965968349,-0.08305772637556585,-0.03725604064086314,-0.17752281643734896,-0.027898065746133002,-0.34101296480176796,0.44682296917701564,-0.02413491892468504,0.44906238524746594,0.11961194688966645,0.4948078350638787,-0.17035099359933162,0.5724746454249124,0.006459034988105529,0.634300938333538,-0.11677100862113624,0.6891813342769402,-0.0504924554533831,0.7227964340561341,-0.15414236070684142,0.7647808395635703,-0.11959665620600532,0.8161728755629438,-0.07948218797185909,1.0,-0.05617398212488791,0.8225985884961793,-0.101717116466217,0.7832253902770308,0.016503837307146586,0.7466094829852712,-0.02488803460280447,0.7109359406953362,0.08266822697228653,0.6672348825053331,0.005311920289062788,0.6374599622022948,0.08236601729185064,0.6179091846300984,0.05081288072902763,0.6087346313744095,0.08674964038991956,0.6021990385804296,0.03532878972602977,0.5845839864830324,-0.168898868435485,0.20725679008571748,-0.21389718324152673,0.16696719236878718,-0.21480321619971396,0.18688543355302217,-0.229837816926508,0.1673249963405341,-0.24176396414290308,0.14751832728629583,-0.20266833196078332,0.1771304117864829,-0.20887643781391704,0.14983506717511003,-0.1790633809843733,0.1913488528531139,-0.189404210374948,0.18407512628554254,-0.18153382671314738,0.1942851615299194,-0.1830735926444392,0.1886891422646819,-0.20753671607495847,0.16838983331439922
mfcc11_mean,-0.004895286217041328,,0.1441697733104256,0.19725248759178698,-0.0335128642967953,0.23100063049051153,-0.021861908659589552,0.1547798033266331,0.0880055555460093,-0.1784836667181236,0.10656010258217757,0.21169858011341397,0.0826646042183935,0.16369417420930463,0.07692437507653661,0.27782503142133486,0.07067370496292275,0.41344702335548306,0.0296911112279666,0.4004571984247586,0.02232263971495062,0.5135701223314764,0.003901309022209805,0.5005450628503374,-0.009649503529132152,0.5808986898149018,-0.05617398212488791,1.0,-0.05062911519112616,0.588249993532222,-0.06815665080119804,0.5191766709364588,-0.08120009370202773,0.4740023201722001,-0.09749866710043269,0.39362910547550417,-0.12205051020358358,0.40884767841004366,-0.1640591632954853,0.2882780923110872,-0.18409603946552253,0.33401460035289854,-0.1921930854439759,0.2951802647449585,-0.1763210179370327,0.2598053207869024,-0.1817666067833709,0.24881447142263569,0.012820376097199339,0.2978449738109742,0.033579002935391,0.2893593271638326,-0.03147871996514216,0.37356495287170965,0.11836453761988279,0.3362504961828715,0.0055181422495967115,0.3880348860281206,0.13481279838888752,0.3424077698905219,0.033669079344987064,0.3008528677430769,-0.02016933154682933,0.32491728941969805,0.09165212093384247,0.22896504516081628,-0.06268151941492903,0.2742977411256899,0.021087493478368576,0.22014523616622403,-0.0675684719650963
